Sample	Depht	age	I	Sed.rate [cm/Ma]	C37.4	C37/C38	Uk37/Uk37'	UK37i.SST	C37:4 Me 	C37:3 Me 	C37:2 Me 	C38:4 Me	C38:3 Et	C38:3 Me	C38:2Et	C38:2Me	C39:3 Et	C39:3 Me	C39:2 Et 	C39:2 Me 
MC34	1395	5.1786	454.118942	6824.7	2.626459144	1.53	0.921397938	16.55	1.436424898	26.52952651	26.72459656	2.97925164	0.035467281	3.156588048	24.52562511	4.983153041	1.436424898	0.620677425	6.632381628	0.939882958
MC33 	1355	5.1957	463.521548	7274.6	2.426470588	1	0.936862944	19.21	1.050435029	15.87324043	26.36698026	1.743651411	0.495154559	2.104406876	31.67220768	7.197425196	0.820541841	1.227275943	8.643983872	2.804696895
MC31	1275	5.23	473.124486	8512.5	3.381869422	0.95	0.919114287	21.25	1.479806803	11.90011304	30.37714521	1.973075737	0.873497071	3.637858391	32.65851403	6.957147261	0.688521221	0.729626965	7.450416196	1.27427808
MC29	1215	5.2577	485.04653	10124.3	4.768392371	0.77	0.883271927	20.64	1.770135289	10.93690732	24.41522316	3.755215577	3.843722342	9.672524972	25.86926287	5.247186749	1.365532937	0.366670881	11.21507144	1.542546466
MC26	1135	5.292	485.295139	13692.7	7.641837129	1.06	0.774422442	16.78	3.453689168	20.35583464	21.38496424	11.6692831	2.407116693	7.674864818	17.00680272	3.976975406	2.773417059	0.64538636	5.982905983	2.668759812
MC22	1065	5.3076	473.126057	16104.1	5.049954587	1.54	0.834082385	15.04	2.717497556	28.73900293	22.35581623	2.121212121	0.566959922	2.864125122	24.34017595	5.014662757	1.163245357	0.694037146	8.426197458	0.997067449
MC20 	1050	5.3109	498.368992	16795.2	1.904112591	0.82	0.959650268	25.53	0.727523072	3.988352188	33.49211075	0.34980649	0.069775231	1.328520393	36.05239655	8.978676689	1.76205716	1.251302471	9.659682941	2.33979607
MC19	1045	5.312	503.331715	17044.3	2.29344901	1.16	0.937944522	18.4	1.084335061	19.11354184	27.08179039	0.814675554	3.554947872	2.172468144	26.90898042	7.472606772	1.002677605	0.843160713	8.615811162	1.335004463
MC18 	1040	5.316	484.01	18286.5	3.265449438	0.97	0.928031682	23.88	1.447245565	7.262164125	35.61054051	1.219006121	0.378669987	0.829961614	34.83763876	8.252930802	0.804025314	0.726216412	7.53190165	1.099699139
MC16	1030	5.324	450.069273	21466.7	6.890906385	1.04	0.809484419	17.98	3.046052632	17.83552632	23.32236842	2.322368421	2.131578947	7.723684211	24.51973684	5.611842105	1.993421053	1.631578947	8.157894737	1.703947368
MC15 	1025	5.328	470.580814	23547.8	1.398953301	1.51	0.96180855	18.22	0.719647942	21.40305462	29.31918198	0.362412633	1.537665027	1.232202951	26.65286047	4.312710329	1.656743464	2.158943826	7.08775563	3.556821123
MC14 	1020	5.332	501.262629	26106.6	3.35322296	1.03	0.915351567	19.89	1.457853776	14.45430962	27.5640323	2.068033176	0.80382915	1.088823121	31.44433483	6.825240235	3.361467354	2.173992473	6.401403047	2.356680916
MC12 	1010	5.3325	503.536764	26195.4	5.606813343	0.57	0.860891089	20.31	1.735500879	9.490333919	19.72759227	6.524604569	2.57029877	3.932337434	34.75395431	6.854130053	2.746045694	1.9771529	7.315465729	2.37258348
MC11 	1000	5.335	498.592825	27937.2	4.843191743	0.82	0.860049512	17.16	1.858198157	17.18833295	19.32069149	0.449318407	2.688294875	1.584037773	37.17919427	4.797806717	3.594547255	2.086665144	7.242403473	2.010509481
MC10 	980	5.34	456.674096	32393.6	0.97323601	0.95	0.966169873	14.21	0.415746395	25.21761725	17.08457841	2.546446668	3.572820579	2.74132779	31.40184487	4.560218267	3.481876056	2.130700273	5.742497077	1.104326361
MC9 	950	5.3465	447.955963	41263.2	1.876885938	0.92	0.947096589	17.61	0.802290785	18.88092044	23.06263543	2.192756166	2.014755959	2.688061088	34.47528635	4.880817253	1.73614694	1.429161077	5.92302136	1.914147147
MC8	930	5.3482	456.784978	43872.6	3.149176299	0.47	0.925005206	21.37	0.864049545	7.336929378	19.23634003	6.17320947	0.881530317	4.035560883	41.66916392	5.681250624	1.630706223	1.563280392	7.87633603	3.051643192
MC7	920	5.349	467.211879	45360.0	1.679973387	0.54	0.959375117	20.96	0.51874679	8.952234206	21.40729327	0.801232666	3.122752953	6.430405752	42.63995891	3.84180791	1.181304571	4.201335388	6.486902928	0.416024653
MC5	900	5.3507	489.208114	48794.1	13.33497456	0.72	0.713689826	24.94	4.761765223	3.9676493	26.97942917	1.167731349	2.215319698	0.841000996	41.84639278	3.835785032	2.884897146	3.166207584	4.898024966	3.435796753
MC4	860	5.354	510.781939	58333.3	0.383036037	1.04	0.992275717	28.23	0.180758379	0.767370477	46.24283012	0.081542802	1.689145196	0.693268843	37.5503054	5.405388646	0.328031501	2.033299228	4.420363997	0.607695408
MC3 	800	5.355	512.7381	58333.3	0.433230513	0.58	0.990536551	24.22	0.136286573	4.876333564	26.44559167	0.280750339	0.379966964	1.484433348	43.81667821	8.719069762	0.219693955	1.01833327	11.57618147	1.046680877
MC1 	730	5.3562	512.16193	58333.3	8.867196633	0.74	0.795133327	22.26	3.081579589	7.501828228	24.16917202	2.346225725	1.72462826	0.956772568	36.27000894	5.915332737	3.166896888	3.818964817	9.334118794	1.714471439
MC2.4 	460	5.3609	486.090745	58333.3	4.935333678	1.56	0.85111671	16.41	2.763615295	26.83661645	26.396292	2.879490151	1.755504056	1.47161066	24.77404403	4.988412514	1.940903824	0.94438007	3.881807648	1.367323291
MC2.2 	110	5.3669	462.934496	58333.3	15.16501316	0.72	0.636262401	21.17	5.06320557	8.071385115	20.25282228	4.556209018	4.867166903	1.068072737	30.85919016	5.313323869	5.631041709	4.799567363	5.914959778	3.603055499